1,0,0,0,0,0,0,0,0,1,8,0,1,94,270,0,1,Download.CSV
1,0,1,0,0,0,0,0,0,0,12,1,1,11507,210,0,1,haneul_stats.xlsx
1,0,1,0,0,0,0,0,0,0,28,3,3,23115,665,0,1,Sunset Symbol Calculator의 사본.xlsx
1,0,1,0,0,0,0,0,0,0,10,2,3,6469,597,0,1,데미지 효율 계산기.xlsx
1,0,1,0,0,0,0,0,0,0,17,3,4,36235,597,0,1,메이플 칸나 time sheet.xlsx
1,0,1,0,0,0,0,0,0,0,2,0,1,6836,563,0,1,효율.xlsx
1,0,1,0,0,0,0,0,0,0,6,1,1,8452,688,0,1,Book 1.xlsx
1,0,1,0,0,0,0,0,0,0,6,1,1,8360,688,0,1,Book 2.xlsx
1,0,1,0,0,0,0,0,0,0,6,1,1,8363,688,0,1,Book 3.xlsx
1,0,1,0,0,0,0,0,0,0,4,0,1,8918,688,0,1,Book.xlsx
1,0,1,0,0,0,0,0,0,0,6,1,2,11902,688,0,1,노아의 방주.docx
1,0,1,0,0,0,0,0,0,0,8,0,1,16401,688,0,1,Document.docx
1,0,1,0,0,0,0,0,0,0,8,1,0,8350,688,0,1,Zeszyt 1.xlsx
1,0,1,0,0,0,0,0,0,0,6,0,0,8489,688,0,1,Zeszyt.xlsx
1,0,1,0,0,0,0,0,0,0,3,0,0,12341,688,0,1,문서1.docx
1,0,1,0,0,0,0,0,0,0,3,0,0,12099,688,0,1,문서2.docx
1,0,1,0,0,0,0,0,0,0,3,0,0,16446,688,0,1,문서3.docx
1,0,1,0,0,0,0,0,0,0,7,2,2,8057,688,0,1,통합 문서 1.xlsx
1,0,1,0,0,0,0,0,0,0,7,2,2,8267,688,0,1,통합 문서 2.xlsx
1,0,1,0,0,0,0,0,0,0,5,1,2,8526,688,0,1,통합 문서.xlsx
1,0,0,0,0,0,0,0,0,1,8,1,1,32365,688,0,1,프레젠테이션 1.pptx
1,0,0,0,0,0,0,0,0,1,8,1,1,329346,688,0,1,프레젠테이션 2.pptx
1,0,0,0,0,0,0,0,0,1,8,1,1,31740,688,0,1,프레젠테이션 3.pptx
1,0,0,0,0,0,0,0,0,1,6,0,1,28802,688,0,1,프레젠테이션.pptx
1,0,1,0,0,0,0,0,0,0,2,0,1,6836,563,0,1,효율.xlsx
1,0,1,0,0,0,0,0,0,0,38,6,3,356126,619,0,1,5-23-20_Georgia_Situation_Report_COVID.pdf
1,0,1,0,0,0,0,0,0,0,16,0,0,11448,94,0,1,26e2de13cea35bef.xlsx
1,0,1,0,0,0,0,0,0,0,8,0,1,145355,270,0,1,Download.PDF
1,0,1,0,0,0,0,0,0,0,55,12,6,3054370,591,0,1,Epidemiology Report - COVID 19 by City and ZIP - 061920.pdf
1,0,1,0,0,0,0,0,0,0,27,3,0,327613,270,0,1,KANGMOON JIN RETURN( 2016년).pdf
1,0,1,0,0,0,0,0,0,0,28,2,1,266659,663,0,1,PRGlobocanFinal_WHO_20180912.pdf
1,0,1,0,0,0,0,0,0,0,12,0,0,679913,388,0,1,WEOENG202006.pdf
1,0,1,0,0,0,0,0,0,0,9,3,0,0,48,0,1,e3 - dfer.txt
1,0,1,0,0,0,0,0,0,0,34,5,3,251450,619,0,1,Georgia Postponed Services_5-19-20.pdf
1,0,0,0,0,1,0,0,0,0,6,0,1,16884080,68,0,1,output.mp4
1,0,0,0,0,0,0,0,0,1,17,0,0,18944,511,0,1,Statistic90(1502).xls
1,0,1,0,0,0,0,0,0,0,2,0,1,392,436,0,1,노드.txt
0,0,0,0,0,0,0,0,0,1,18,3,1,516868,68,0,1,(Audio) bm p1 trim.m4a
0,0,0,0,0,0,1,0,0,0,70,11,4,10950764,79,1,1,[INST] 잔나비 - 주저하는 연인들을 위해 (여자키 MR)(어쿠스틱 Ver.)(Acoustic instrument) (1).mp3
0,0,0,1,0,0,0,0,0,0,32,0,0,77122,666,0,1,0c59a23a2c6d7f877fd6097bddfe7ed9.jpg
0,0,0,1,0,0,0,0,0,0,1,0,0,23078,486,0,1,1.PNG
0,0,0,1,0,0,0,0,0,0,8,0,1,8991,10,0,1,download.jpg
0,0,0,1,0,0,0,0,0,0,5,1,2,24713,582,0,1,제목 없음.png
1,0,0,0,1,0,0,0,0,0,9,0,0,3694,582,0,1,oneeyebot.py
1,0,0,0,1,0,0,0,0,0,5,0,1,4388,584,0,1,hyper.py
1,0,0,0,0,1,0,0,0,0,11,1,1,137908150,68,0,1,Sequence #1.mp4
1,0,0,0,0,0,0,0,0,1,21,3,3,834745,79,0,1,주저하는 연인들을 위해 inst.mp3.asd
1,0,0,0,0,0,0,0,0,1,65,13,5,942525,93,0,1,패닉(PANIC) - 달팽이 [Acoustic Inst _ Acoustic MR _ Piano MR].mp3.asd
1,0,0,0,0,0,1,0,0,0,61,13,5,11545964,93,0,1,패닉(PANIC) - 달팽이 [Acoustic Inst _ Acoustic MR _ Piano MR].mp3
1,0,0,0,0,0,1,0,0,0,68,14,9,5227552,216,0,1,Noel (노을) - Late Night (늦은 밤 너의 집 앞 골목길에서) Lyrics (HANROMENG) subbed.mp3
1,0,0,0,0,0,1,0,0,0,31,7,3,7211186,308,0,1,[COVER] 승관 - Love poem (원곡 아이유).mp3
1,0,0,0,0,0,1,0,0,0,40,7,3,6920914,308,0,1,[COVER] 승관 - Beautiful Tomorrow (원곡 박효신).mp3
1,0,0,0,0,0,1,0,0,0,38,7,4,5334132,519,0,1,LEE HI (이하이) - ROSE Lyrics (HanRomEng).mp3
1,0,0,0,0,0,0,0,0,1,34,6,6,873429,626,0,1,is he worthy full audio only 2.wav.asd
1,0,0,0,0,0,1,0,0,0,30,6,6,51018792,626,0,1,is he worthy full audio only 2.wav
1,0,0,0,0,0,1,0,0,0,26,5,5,51018792,626,0,1,is he worthy audio only gg.wav
1,0,0,0,0,0,0,0,0,1,30,5,5,873397,626,0,1,is he worthy audio only gg.wav.asd
0,0,0,1,0,0,0,0,0,0,23,5,2,41902,107,0,1,화면 캡처 2021-10-18 204545.png
1,0,1,0,0,0,0,0,0,0,16,3,4,197,266,0,1,to do list maple.txt
1,0,1,0,0,0,0,0,0,0,6,1,2,303,248,0,1,운동 리스트.txt
0,0,0,1,0,0,0,0,0,0,3,0,0,54370,430,0,1,캡처1.PNG
0,0,1,0,0,0,0,0,0,0,32,4,3,23121,430,1,1,Sunset Symbol Calculator의 사본 (1).xlsx
0,0,1,0,0,0,0,0,0,0,32,4,3,26420,430,1,1,Sunset Symbol Calculator의 사본 (2).xlsx
0,0,1,0,0,0,0,0,0,0,37,6,5,7134,594,1,1,One Eye Bot V2.0 dictionary index (1).docx
0,0,0,1,0,0,0,0,0,0,3,0,0,92937,299,0,1,ddd.PNG
0,0,0,1,0,0,0,0,0,0,2,0,1,92937,299,0,1,캡처.PNG
1,0,0,0,0,0,0,0,0,1,16,2,2,961005,633,0,1,IS HE WORTHY.mp3.asd
1,0,0,0,0,0,0,0,0,1,17,3,3,961497,633,0,1,IS HE WORTHY_.mp3.asd
1,0,1,0,0,0,0,0,0,0,33,5,5,7134,594,0,1,One Eye Bot v2.0 dictionary index.docx
0,1,0,0,0,0,0,0,0,0,2,0,1,700281,48,0,1,hi.zip
