0,0,0,0,0,0,0,0,0,1,6,0,1,4096,264,0,0,Battle.net
0,0,0,0,0,0,0,0,1,0,5,0,1,0,69,0,0,clean
0,0,0,0,0,0,0,0,1,0,7,0,1,32768,569,0,0,cleaner
0,0,0,0,0,0,0,0,1,0,8,1,2,8192,486,0,0,dd_files
0,0,0,0,0,0,0,0,1,0,6,0,1,98304,50,0,0,delete
0,0,0,0,0,0,0,0,0,1,7,0,1,282,688,0,0,desktop.ini
0,0,0,0,0,0,0,0,1,0,11,1,2,4096,645,0,0,discord bot
0,0,0,0,0,0,0,1,0,0,7,0,1,2240,461,0,0,Discord.lnk
0,0,0,0,0,0,0,0,1,0,8,1,1,8192,486,0,0,gf_files
0,0,0,0,0,0,0,1,0,0,14,1,2,2364,642,0,0,GitHub Desktop.lnk
0,0,0,0,0,0,0,0,1,0,2,0,1,4096,48,0,0,hi
0,0,0,0,0,0,0,0,1,0,25,4,5,4096,626,0,0,is he worthy full Project
0,0,0,0,0,0,0,0,1,0,4,0,1,4096,48,0,0,keep
0,1,0,0,0,0,0,0,0,0,10,0,1,182784,2080,0,0,microphone.exe
0,0,0,0,0,0,0,1,0,0,14,1,2,1417,688,0,0,Microsoft Edge.lnk
0,0,0,0,0,0,0,0,1,0,6,0,1,0,448,0,0,movies
0,0,0,0,0,0,0,1,0,0,15,1,1,1168,687,0,0,MSI Afterburner.lnk
0,0,0,0,0,0,0,0,1,0,11,2,3,4096,644,0,0,One Eye bot
0,0,0,0,0,0,0,0,1,0,9,0,0,4096,264,0,0,Overwatch
0,0,0,0,0,0,0,0,1,0,8,0,1,4096,48,0,0,problems
0,0,0,0,0,0,0,0,1,0,7,0,1,4096,678,0,0,project
0,0,0,0,0,0,0,0,1,0,3,0,1,4096,478,0,0,try
0,0,0,0,0,0,0,0,1,0,12,1,1,4096,634,0,0,TRY1 Project
0,0,0,0,0,0,0,1,0,0,13,1,2,1141,285,0,0,Twitch Studio.lnk
0,0,0,0,0,0,0,1,0,0,8,0,0,909,448,0,0,µTorrent.lnk
0,0,0,0,0,0,0,0,1,0,4,1,2,28672,585,0,0,새 폴더
0,0,0,0,0,0,0,0,1,0,1,0,1,4096,403,0,0,책
0,0,0,1,0,0,0,0,0,0,2,0,1,92117,109,0,0,캡처.PNG
0,0,0,0,0,0,0,1,0,0,13,5,3,740,0,0,0,3D 개체 - 바로 가기.lnk
0,0,0,0,0,0,0,0,0,1,9,1,0,4096,677,0,0,bt-10.0.3.12-win10
0,0,0,0,0,0,0,0,0,1,7,0,1,282,688,0,0,desktop.ini
0,0,0,0,0,0,1,0,0,0,12,2,3,4696365,633,0,0,IS HE WORTHY.mp3
0,0,0,0,0,0,1,0,0,0,13,3,3,11739885,633,0,0,IS HE WORTHY_.mp3
0,0,0,0,0,0,1,0,0,0,38,7,4,5334132,519,0,0,LEE HI (이하이) - ROSE Lyrics (HanRomEng).mp3
0,0,0,0,0,0,0,0,0,1,14,0,0,4096,93,0,0,Melodyne.5.1.1.03-Demo
0,0,0,0,0,0,0,0,1,0,15,0,0,4096,687,0,0,nvidiaInspector
0,0,0,0,0,0,0,0,1,0,41,5,4,0,92,0,0,Rollercoaster_Tycoon_3-_Platinum_Download
0,0,0,0,0,0,1,0,0,0,64,13,3,9314924,92,0,0,[Full Audio] IU - AION Soundtrack (Atreia) _ 아이유 아이온 OST (아트레이아).mp3
0,0,0,0,0,0,1,0,0,0,70,11,4,10950764,79,1,0,[INST] 잔나비 - 주저하는 연인들을 위해 (여자키 MR)(어쿠스틱 Ver.)(Acoustic instrument) (1).mp3
0,0,0,0,0,0,1,0,0,0,66,10,4,10950764,79,0,0,[INST] 잔나비 - 주저하는 연인들을 위해 (여자키 MR)(어쿠스틱 Ver.)(Acoustic instrument).mp3
0,0,0,0,0,0,1,0,0,0,28,5,3,5044903,68,0,0,메이플스토리 검은 마법사OST- 어둠의 왕좌[가사].mp3
0,0,0,0,0,0,1,0,0,0,25,5,3,3364707,68,0,0,메이플스토리OST- 시작과 끝의 경계 [가사].mp3
0,0,0,0,0,0,1,0,0,0,65,14,5,11545964,79,1,0,패닉(PANIC) - 달팽이 [Acoustic Inst _ Acoustic MR _ Piano MR] (1).mp3
0,0,0,0,0,0,1,0,0,0,61,13,5,11545964,93,0,0,패닉(PANIC) - 달팽이 [Acoustic Inst _ Acoustic MR _ Piano MR].mp3
